8695000  
8652000  
8890000  
9100000  
9712260  
12490000  
7990000  
16980000  
17490000  
15000000  
5192000  
10390000  
7990000  
8890000  
7000000  
5000000  
7400000  
7250000  
11990000  
9250000  
17490000  
15950000  
7999000  
13750000  
13450000  
12900000  
9625000  
8750000  
16500000  
11990000  
7890000  
10390000  
3650000
16950000  
9990000  
12940000  
10890000  
7999000  
12290000  
4550000  
3950000  
6389400  
4350000  
5288000  
3500000  
4250000  
5000000  
5899000  
4190000  
4150000  
2149000  
6999000  
4490000  
2499000  
5959990  
5350000  
4399000  
4500000  
1960000  
1049000  
2099000  
5200000  
2499000  
1190000  
2180000  
2549000  
2195000  
1865000  
9450000 
3399000  
2590000  
1960000  
1449000  
3499000  
2290000  
1849000  
2250000  
2899000  
2990000  
2249000  
5990000  
5298000  
3975000  
6999990  
6890000  
5290000  
14300000  
8250000  
6190000  
6250000  
10950000  
6250000  
9790000  
5390000  
650000  
5215000  
9250000  
4700000  
6290000  
6790000  
5490000  
7690000  
2459000  
6449000  
8950000  
6990000  
5290000  
8750000  
8480000  
14990000  
6690000  
11950000  
9490000  
7499000  
4299000  
9350000  
4750000  
4850000  
3890000  
3790000  
5780000  
5750000  
7990000  
6998000  
8255000  
38500000  
8690000  
3470000  
13490000  
6850000  
14999990  
4699000  
11990000  
12000000  
3249990  
8955000  
13999990  
3350000  
3899000  
7380000  
7988000  
8950000  
6190000  
10450000  
7500000  
6499000  
9490000  
7280000  
18950000  
17950000  
16500000  
2198000  
220000  
2450000  
1700000  
1780000  
17950000  
2399000  
2399000  
4499000  
2799000  
1640000  
3195000  
4750000  
9150000  
8249990  
6997000  
6490000  
14490000  
8999000  
19999990  
7999000  
16000000  
7390000  
6290000  
3390000  
7500000  
8880000  
7490000  
8950000  
4350000  
4900000  
5990000  
5980000  
13276850  
14950000  
18950000  
8990000  
8250000  
7290000  
11880000  
5388000  
9490000  
5490000  
6250000  
3490000  
4790000  
8750000  
8950000  
6490000  
7390000  
4990000  
9880000  
11500000  
6490000  
6790000  
6190000  
12950000  
8950000  
9958880  
8990000  
6680000  
5990000  
8950000  
9490000  
17490000  
40000000  
5999990  
9490000  
10800000  
14950000  
8950000  
8970000  
15950000  
11490000  
7690000  
21500000  
5675000  
5790000  
7490000  
6990000  
6950000  
6359000  
5850000  
5800000  
5790000  
5479000  
5700000  
5680000  
5600000  
5500000  
5499990  
5450000  
5399000  
5398000  
5380000  
5349770  
5348880  
5300000  
5299000  
5299990  
5299000  
2849000  
5500000  
3035900  
15000000  
13500000  
899000  
5150000  
7002000  
11500000  
16950000  
6649000  
2500000  
3100000  
6950000  
15500000  
6499900  
12990000  
4890000  
9990000  
5400000  
4900000  
3600000  
4480000  
6694720  
5499000  
5200000  
5200000  
5199000  
5199000  
5290000  
5250000  
5250000  
5899000  
969000  
1630000  
1750000  
980000  
360000  
1150000  
1250000  
1000000  
1930000  
3850000  
5150000  
5300000  
5670000  
5000000  
5370000  
6470000  
5420000  
5650000  
5350000  
4890000  
5100000  
5600000  
6750000  
4500000  
4099000  
5530000  
4700000  
3350000  
4000000  
6150000  
4850000  
4790000  
6950000  
2210000  
4500000  
1950000  
2400000  
5999000  
7650000  
5399000  
5850000  
5700000  
3840000  
7590000  
4990000  
1549000  
2250000  
1385000  
975000  
2190000  
1035000  
1369000  
1350000  
1350000  
1588880  
749000  
699000  
1395000  
2199000  
999000  
599000  
1189000  
1060000  
6750000 
1049500  
9700000 
989000  
999000  
799000  
1649000  
1170000  
2560000  
610000  
1674000  
975000  
635000  
2250000  
770000  
1145000  
965000  
799000  
2485000  
1175000  
799000  
849000  
849000  
3795000  
749000  
1470000  
2149000  
679000  
1990000  
1249000  
698000  
1850000  
875000  
1600000  
1225000  
679000  
1390000  
8490000 
990000  
699000  
499000  
1545000  
1299000  
2350000  
1290000  
839000  
1295000  
23950000  
1250000  
6990000 
695000  
7950000 
685000  
1175000  
1790000  
895000  
720000  
1049000  
1749000  
1699000  
1540000  
1890000  
625000  
1745000  
1390000  
5000000  
9490000 
4290000 
6700000 
9990000 
6950000 
9900000  
1100000  
58580000  
5570000  
6749000  
3490000  
2650000  
7250000  
5590000  
5490000  
4490000  
6999000  
5690000  
5300000  
3950000  
7050000  
4790000  
3099000  
6987770  
5479000  
4250000  
6390000  
4940000  
6990000  
6390000  
6300000  
5410000  
5290000  
6800000  
5200000  
7100000  
5999990  
4450000  
5995000  
5150000  
7590000  
5499500  
8590000  
1399000  
5750000  
4899000  
5300000  
6290000  
3250000  
2350000  
7690000  
2999000  
5150000  
6290000  
6890000  
5990000  
4990000  
1750000  
12500000  
3100000  
6250000  
4995000  
9750000  
8950000  
1799000  
7399000  
3300000  
5100000  
6250000  
2800000  
2650000  
22000000  
2750000  
1250000  
6995000  
4250000  
4390000  
1790000  
5795000  
7590000  
4350000  
3800000  
4299000  
5850000  
3190000  
14950000  
5999000  
3449000  
3099950  
5720000  
6950000  
5250000  
7800000 
4249000  
8250000  
4750000  
8500000  
4099000  
5400000  
3850000  
1950000  
4580000  
4680000  
4580000  
3890000  
4600000  
4300000  
3299000  
3499000  
4549990  
5699500  
5250000  
3800000  
5500000  
4499500  
4950000  
3999000  
4600000  
4070000  
4190000
6450000